2237
2619
1634
2417
2396
1929
2459
1
2
1741
1352
2408
1602
3
4
1545
2187
5
1635
6
1649
7
2234
8
9
1638
10
11
2039
1561
12
1572
1631
1632
1645
1646
1648
1742
1743
1744
1754
1831
1909
1912
1945
2001
2272
2463
2490
1915
2186
1582
1951
1911
1935
2185
2448
1446
1889
2452
2449
2413
1859
1874
13
2411
1979
14
1936
16
2466
2212
1546
2491
18
19
2154
2153
20
2662
1824
1820
1399
1547
2075
2123
2382
22
23
1671
2462
1891
2766
2191
24
1977
25
17
2158
1643
2111
2243
2192
2618
1899
2194
2476
2195
2736
2760
27
28
29
2226
2251
2477
1747
1882
2475
2348
1746
2238
39
2033
1922
2446
2050
1914
2761
1934
42
2196
2252
2492
44
2151
2366
46
499
47
48
2313
49
2493
2494
1050
2239
2436
2639
52
1989
2083
1601
1890
55
2657
1810
2303
57
2376
58
1778
1567
2109
59
2022
2135
1947
1946
2496
2416
2114
2085
2267
2617
61
2248
64
2331
1656
66
67
68
2028
2116
2249
2363
2216
69
2481
2426
2812
1844
2375
1847
1954
2412
2117
2451
2162
73
1745
2048
76
2193
2497
2580
78
2450
1835
2220
2119
2166
2350
1682
2472
1884
1748
81
2175
1548
82
2259
2461
83
2401
2217
2072
2409
2693
1708
86
2041
2499
2207
2441
1916
2772
88
2009
1427
2094
2095
2096
2062
98
100
101
102
2053
2097
1856
2660
114
1552
1549
2500
2827
1607
2169
1855
1815
1625
1893
116
1661
1551
2137
2082
117
2190
2431
2203
2221
2133
120
1987
2115
2200
2501
2585
2291
1616
1793
2502
2004
2655
1998
1684
2298
1670
125
2244
2503
1749
126
2864
2327
1757
2788
2665
1473
1898
2229
2504
2286
2015
1968
2351
1629
1932
129
1818
130
2189
2620
2588
1976
2339
1750
133
1871
134
1562
1559
2442
2795
1614
2279
2484
135
136
1619
137
2589
138
2460
1736
1613
1654
2035
2199
2113
141
2240
2300
142
2040
2485
1902
1833
1685
1667
2233
1999
2507
2064
1662
1461
144
2081
145
2505
2666
2478
146
1986
2621
2037
1779
2295
2296
147
2615
2384
2258
2017
2285
2770
1679
2638
2622
150
1659
2045
1553
2036
2147
152
1900
2044
154
2479
2130
2125
1980
2423
2458
1868
1686
2594
1997
1575
1837
2511
1382
2723
2818
159
160
2402
2728
2767
2801
2430
1903
2362
2060
2663
2513
1931
163
1591
169
2709
1988
2514
1880
2301
2646
2515
2658
177
2246
179
167
168
2146
1592
1873
1866
170
2144
2518
2602
1777
2245
2858
176
2443
2281
1877
1583
2143
1751
2519
2284
181
2712
2425
2280
1864
1836
184
183
1416
1542
2056
185
1655
186
2520
1606
1760
2724
2480
187
188
1739
1554
1731
189
1887
2080
2623
191
1930
2394
2374
1961
2811
2260
193
194
1919
1816
2603
195
1668
196
198
199
200
1600
201
2404
2145
2656
2604
1689
2624
2523
2625
2148
2337
1687
1781
1860
1597
2522
1681
1630
203
2057
2654
1688
1969
2149
2564
205
1578
1627
206
2626
2107
2764
2003
2581
2110
2077
2102
207
208
210
1458
2181
2264
2265
2781
213
1584
1636
1724
1728
1734
1940
1957
2179
2454
2524
2628
2756
2799
1761
2076
2176
1830
1563
1690
2643
1691
2235
2128
1842
2805
1400
1819
1965
2025
209
2292
1694
2597
1692
2254
217
2525
2453
2526
1970
1848
2629
2780
2758
2527
220
1608
2152
2355
2528
1881
1763
1693
1764
1695
2817
2532
221
2218
2168
222
1585
2392
223
1480
1883
225
2304
224
2315
1825
2533
2302
226
2227
1590
227
1596
2093
228
2370
229
2209
2052
1851
1392
1843
1665
2160
2534
231
1393
233
2790
1822
2360
1555
234
235
236
2381
237
1704
1610
2568
238
2535
239
2469
2305
1672
2583
1926
2030
240
1978
241
242
2717
2242
2473
2183
2308
2586
2377
1974
2006
1725
2042
2127
2558
1595
1765
1956
2306
2737
2599
1888
2590
2371
245
2537
1556
246
2776
247
1412
2726
1766
1678
2393
249
1355
2438
2373
252
2483
1972
253
2188
254
1918
1767
2354
2538
2432
1759
255
1768
2283
2785
257
258
1669
2241
259
2155
260
2319
1723
1755
1996
2236
1705
261
262
263
1834
2289
2032
2290
1618
1773
2073
2596
2180
1942
2429
2743
2317
1762
2046
1952
2591
2592
2857
2664
2727
272
2674
2768
273
1939
1587
1769
275
2645
1845
1620
2647
276
2540
2269
2088
1623
2644
2086
1948
2530
2311
2738
1771
1581
2541
2542
2778
2600
1849
2142
1720
278
2172
279
2405
280
1558
2825
282
285
2740
2741
2322
2406
2742
2255
2273
288
503
2388
1588
290
2630
2614
2391
1896
467
291
502
504
1908
2112
1944
2173
2796
292
2271
2613
2104
2544
293
1557
264
266
267
268
1850
2013
1609
294
1628
2078
295
1721
2228
2320
2314
297
1802
1577
2546
2278
298
2027
2002
300
2474
1993
2547
2171
2262
2055
2014
1624
302
1869
303
2201
2457
305
1677
1756
2861
306
1752
2800
1639
1599
2163
307
2424
1964
2058
2074
1738
2397
1829
2010
2786
1565
2299
314
2550
1543
315
1383
2552
1910
2336
316
1924
317
1453
318
319
2782
2399
1454
2559
320
321
322
323
1407
2403
324
325
2434
2551
326
2329
1775
1389
1467
2372
1674
2270
1862
2297
327
1564
2798
2011
2735
1966
1626
2653
2000
2287
329
2368
1962
2177
1991
331
1921
2794
2395
1621
2256
2338
2353
2124
2023
335
337
2215
2369
2277
2132
2595
2553
2554
339
1838
2555
1776
2342
1865
2332
2556
2034
2437
344
345
347
2316
1782
352
1706
1783
2418
350
2108
353
1722
2101
1604
355
2455
1785
500
2487
2261
1657
2697
2224
2266
2356
1786
2752
2557
1787
359
2051
1852
2560
2650
361
2063
2178
1737
1879
2087
2268
362
364
365
1853
368
2649
2165
1726
505
2679
2445
1788
370
371
1789
1790
1673
2415
1791
2486
2174
2120
1455
1904
2340
1895
376
1702
2059
2341
2856
2593
1937
1730
377
1566
2584
378
1700
2079
1603
379
2681
1894
380
1792
2321
2444
382
1958
383
2616
2016
1396
301
1872
2420
2323
2092
2750
2324
388
2563
2565
2099
1622
2364
2456
2633
2721
2210
1840
2100
1570
2038
392
1963
1642
1758
393
2089
2648
1928
394
397
399
401
402
404
1641
1753
1857
1876
1941
2091
2161
2202
2276
2307
2318
2328
1784
2213
2118
1735
403
405
1611
2652
406
2140
2184
396
1002
2349
408
409
2335
2150
1644
1923
2312
2274
2325
1821
410
2378
2569
411
2570
412
1839
2571
413
414
415
2293
1933
419
1571
2465
1794
1927
1795
420
2031
1573
1740
2673
2435
2860
2529
1640
2745
422
2385
1478
423
1885
425
2802
1973
2387
1796
1892
1579
428
1709
2769
1586
1658
1886
1897
2084
2343
2345
1772
1797
2383
1574
2635
432
2598
1953
2636
2204
1905
1703
2407
2029
1477
1701
2043
434
436
2182
2219
1710
2379
1711
441
2365
1696
1799
1992
1660
2470
1605
2098
1666
2061
1569
1647
1615
2640
2572
443
444
445
1675
446
447
2610
2359
449
1651
1699
2247
450
451
2447
452
2797
1697
1663
453
1652
1878
457
2012
2358
2574
1676
459
1800
1713
2357
1712
1861
1714
462
1727
1913
1967
2164
1715
2344
463
1828
2275
2005
2751
464
1955
465
466
1544
2400
2777
2122
1576
1863
2231
2326
1975
2575
1707
1995
2026
1801
2170
2232
2641
1680
2659
1379
2222
2439
2333
2601
1814
470
2223
2103
1717
2576
1716
1925
2578
1950
2225
2253
1817
1718
474
2024
1938
478
1698
2197
1664
479
2047
480
1732
1719
1594
2205
2206
2007
483
2230
1811
486
2419
1598
487
1943
2757
2208
2433
1832
2167
489
1612
490
1812
1917
2214
492
1813
2106
1780
493
1990
494
2579
2789
496
2386
2390
497
506
2642
2367
1841
2121
2257
